# βCV (for 2 ≤ k ≤ 15):
2: 0.37878617019178107
3: 0.5578105818502271
4: 0.8718592985272777
5: 0.7310348906513301
6: 0.8484469991372509
7: 0.8436531205002809
8: 0.8618370464734745
9: 0.8676112776092078
10: 0.8486791590446577
11: 0.8995426136433671
12: 0.8418790953108072
13: 0.8259609196794394
14: 0.8427203129757195
15: 0.8195087401119169

# K-Spectral Centroids (KSC):
0: [0.08597652 0.08897434 0.08970645 0.09331221 0.09624482 0.09710674
 0.09971509 0.10007858 0.10216745 0.10553749 0.10615893 0.10808289
 0.10894481 0.11008064 0.11245931 0.11599427 0.11599427 0.1179384
 0.1179384  0.11886458 0.11912318 0.11992727 0.11992727 0.11992727
 0.11992727 0.11992727 0.12055936 0.12055936 0.12055936 0.12112112
 0.12112112 0.12112112 0.12112112 0.12112112 0.12112112 0.12112112
 0.12112112 0.12151816 0.12151816 0.12151816 0.12151816 0.12151816
 0.12190828 0.12190828 0.12231532 0.12231532 0.12231532 0.12231532
 0.12231532 0.12231532 0.12231532 0.12231532 0.12231532 0.12231532
 0.12410306 0.12410306 0.12410306 0.12420794 0.12420794 0.12420794
 0.12420794 0.12420794 0.12420794 0.12420794 0.12420794 0.12420794
 0.12420794 0.12420794 0.12420794 0.12608774 0.12608774 0.12608774] (Growth:12.69)
1: [0.00287727 0.00551064 0.00824156 0.01038261 0.01276992 0.01523935
 0.01827921 0.02118963 0.02412091 0.02681525 0.0294643  0.03234647
 0.03459719 0.03749288 0.03972418 0.04234318 0.04479519 0.04830561
 0.05142593 0.05539268 0.05860312 0.06164119 0.06487281 0.06814377
 0.07120835 0.07371222 0.07717111 0.0802931  0.08381776 0.08659164
 0.08889821 0.09115296 0.09407405 0.096923   0.09989628 0.1025708
 0.10618685 0.10841101 0.11107566 0.11399706 0.11687676 0.11922855
 0.12237163 0.12559183 0.12802334 0.13071926 0.13360965 0.13650606
 0.13872385 0.14120803 0.14351463 0.14575068 0.14860955 0.1510366
 0.15347232 0.15628945 0.15913848 0.16179929 0.16464144 0.16691912
 0.1698124  0.17213125 0.17497472 0.17781402 0.18066431 0.18346285
 0.18630972 0.18925309 0.19327185 0.19761364 0.19946757 0.19963287] (Growth:19.97)
2: [0.00762336 0.00909601 0.01038645 0.01054068 0.01103855 0.01242281
 0.01431725 0.01469855 0.01632887 0.01684537 0.01880857 0.02051016
 0.02133438 0.0224092  0.02336098 0.02424141 0.0251106  0.02626403
 0.02796885 0.03026981 0.03345596 0.03430511 0.03500089 0.03600833
 0.03665523 0.03782535 0.03900905 0.04108867 0.04181184 0.04312194
 0.04348388 0.04480946 0.04603871 0.05077997 0.05410245 0.05509889
 0.05731618 0.05991506 0.06094762 0.06546554 0.06779853 0.07097105
 0.0752445  0.08368129 0.08601636 0.09439668 0.09992361 0.10330212
 0.10848805 0.11409007 0.11791353 0.12251927 0.12441947 0.13002839
 0.13685552 0.146708   0.15280667 0.15687101 0.15972021 0.16752465
 0.17985202 0.18867814 0.19674185 0.2047978  0.21739899 0.23161983
 0.23895315 0.24777692 0.25689693 0.27307163 0.27651359 0.27659343] (Growth:27.67)

# Repositories (per Cluster):
0: 71 (%:15.78)
1: 322 (%:71.56)
2: 57 (%:12.67)
